# 
# ['Tue Apr 29 15:19:05 PDT 2014']
# 
23.949  20.733  33.190  22.295  18.939
30.220  17.341  10.834  29.187  31.287
11.088  21.055  22.006  23.803  12.178
35.235  34.276  12.823  13.832  21.084
28.426  31.625  12.181  21.929  19.114
19.981  29.006  17.474  35.718  32.811
31.690  18.433  17.406  31.274  29.104
33.568  22.648  31.357  35.694  33.818
15.788  11.517  30.999  22.475  33.103
34.207  25.234  14.674  23.654  30.804
27.002  35.896  34.922  21.039  13.445
23.705  30.624  14.160  26.204  22.196
13.790  28.518  16.613  30.392  31.722
11.793  31.453  21.831  15.604  34.507
33.662  31.889  26.269  20.520  14.949
25.751  31.808  18.922  28.272  31.261
14.093  23.170  23.491  25.898  11.877
25.550  29.206  23.861  35.177  34.783
22.070  15.519  12.261  22.754  16.233
34.238  11.279  16.840  23.820  35.560
33.578  13.771  15.508  17.905  28.339
34.713  24.265  34.207  21.250  29.291
24.702  18.143  11.585  24.601  29.655
19.416  18.025  32.854  12.985  14.254
10.951  15.350  23.187  28.302  29.179
13.745  19.290  32.758  24.856  31.020
13.362  34.314  35.163  26.970  23.189
20.663  15.330  23.364  11.720  27.020
20.674  36.041  24.889  12.293  35.909
12.162  26.300  13.902  30.070  30.580
14.156  31.637  22.419  16.474  27.678
12.847  29.770  15.974  32.535  19.659
29.096  13.935  32.004  33.082  33.366
35.282  29.538  32.026  19.696  32.546
28.950  29.480  23.986  23.422  30.630
32.044  25.347  22.755  11.446  21.387
33.376  29.280  27.835  26.152  32.461
24.702  29.902  22.059  16.759  23.990
30.015  11.320  21.856  20.450  27.230
23.486  25.095  22.628  14.463  18.083
35.317  12.914  29.856  35.781  21.985
26.439  17.039  16.176  22.572  27.945
27.626  14.877  29.469  16.120  12.190
25.799  19.781  33.203  11.778  32.600
32.369  11.071  21.214  17.855  27.116
26.309  16.160  30.494  27.338  25.537
32.800  31.777  10.925  28.885  33.260
13.887  22.462  35.728  14.728  10.910
31.067  27.993  13.966  35.812  18.356
25.149  18.292  30.103  16.143  29.280
35.761  31.930  22.081  22.687  21.768
31.655  19.004  31.791  10.951  33.115
22.377  19.435  12.746  32.677  25.175
22.721  21.905  24.441  35.801  18.389
22.391  34.288  27.515  33.231  17.596
11.279  28.209  17.234  26.399  34.574
16.361  15.883  23.746  27.838  25.333
35.701  29.920  16.693  35.152  12.590
32.701  24.391  27.639  14.831  17.993
29.889  11.107  16.388  17.535  13.859
12.679  23.039  14.527  28.561  25.105
17.022  20.601  29.532  29.816  32.825
31.059  29.739  12.132  34.041  31.212
13.597  14.215  26.762  25.745  24.007
34.369  21.779  16.424  30.308  16.109
11.138  13.884  26.653  15.340  23.420
23.399  27.303  34.185  16.822  22.733
26.149  28.425  19.857  25.000  11.527
14.460  25.127  34.507  35.703  34.491
25.436  15.185  29.455  30.744  27.876
23.553  24.663  31.688  23.599  35.138
34.132  33.286  33.824  26.113  26.648
32.136  20.197  15.706  12.987  18.703
16.930  31.681  21.181  25.966  12.776
16.337  24.532  36.018  33.411  11.016
34.189  24.244  17.094  34.670  21.445
29.526  30.117  20.364  25.535  12.349
20.751  22.371  31.630  33.227  27.452
22.389  33.219  33.060  10.991  25.289
31.112  10.960  17.546  18.594  15.485
23.964  17.512  11.595  13.358  36.053
34.849  35.283  18.524  21.866  16.577
21.105  11.789  21.201  12.666  19.301
20.302  27.254  15.194  28.829  14.563
18.876  34.531  18.049  13.930  34.565
29.036  27.105  16.853  32.844  11.523
26.985  12.889  25.483  12.502  20.562
32.028  18.161  17.725  26.220  29.121
19.872  11.480  23.765  32.634  23.855
22.026  27.398  24.076  16.656  20.261
22.691  19.773  14.881  24.865  24.054
11.848  36.160  35.975  20.318  11.749
28.372  19.349  16.637  35.856  28.975
31.070  11.099  14.296  19.666  32.680
18.160  24.591  30.571  16.175  21.900
18.110  25.777  15.349  11.801  31.768
12.950  22.701  15.215  20.425  14.928
34.749  24.020  35.373  12.687  12.755
13.006  29.891  30.739  31.340  30.986
21.756  18.081  19.450  15.874  22.826
